This is the output of the program II_findzero_ord2_to_6.java, which gives the list of semigroups of order 4 with zero element.
The number of semigroups with zero element is given at the end of the file.
************************************
#1
1 1 1 1
1 1 1 1
1 1 1 1
1 1 1 1
The zero element is 1
************************************
#2
1 1 1 1
1 1 1 1
1 1 1 1
1 1 1 2
The zero element is 1
************************************
#3
1 1 1 1
1 1 1 1
1 1 1 1
1 1 1 4
The zero element is 1
************************************
#10
1 1 1 1
1 1 1 1
1 1 1 2
1 1 2 1
The zero element is 1
************************************
#11
1 1 1 1
1 1 1 1
1 1 1 2
1 1 2 2
The zero element is 1
************************************
#12
1 1 1 1
1 1 1 1
1 1 1 2
1 1 2 3
The zero element is 1
************************************
#13
1 1 1 1
1 1 1 1
1 1 1 3
1 1 3 4
The zero element is 1
************************************
#16
1 1 1 1
1 1 1 1
1 1 2 1
1 1 1 2
The zero element is 1
************************************
#17
1 1 1 1
1 1 1 1
1 1 2 1
1 1 1 4
The zero element is 1
************************************
#20
1 1 1 1
1 1 1 1
1 1 2 2
1 1 2 2
The zero element is 1
************************************
#21
1 1 1 1
1 1 1 1
1 1 3 1
1 1 1 4
The zero element is 1
************************************
#24
1 1 1 1
1 1 1 1
1 1 3 3
1 1 3 3
The zero element is 1
************************************
#25
1 1 1 1
1 1 1 1
1 1 3 3
1 1 3 4
The zero element is 1
************************************
#28
1 1 1 1
1 1 1 1
1 1 3 4
1 1 4 3
The zero element is 1
************************************
#40
1 1 1 1
1 1 1 2
1 1 1 2
1 2 2 4
The zero element is 1
************************************
#42
1 1 1 1
1 1 1 2
1 1 1 3
1 2 3 4
The zero element is 1
************************************
#43
1 1 1 1
1 1 1 2
1 1 2 3
1 2 3 4
The zero element is 1
************************************
#44
1 1 1 1
1 1 1 2
1 1 3 1
1 2 1 4
The zero element is 1
************************************
#45
1 1 1 1
1 1 1 2
1 1 3 3
1 2 3 4
The zero element is 1
************************************
#55
1 1 1 1
1 1 2 2
1 2 3 3
1 2 3 3
The zero element is 1
************************************
#56
1 1 1 1
1 1 2 2
1 2 3 3
1 2 3 4
The zero element is 1
************************************
#58
1 1 1 1
1 1 2 2
1 2 3 4
1 2 4 3
The zero element is 1
************************************
#59
1 1 1 1
1 2 1 1
1 1 3 1
1 1 1 4
The zero element is 1
************************************
#61
1 1 1 1
1 2 1 1
1 1 3 3
1 1 3 3
The zero element is 1
************************************
#62
1 1 1 1
1 2 1 1
1 1 3 3
1 1 3 4
The zero element is 1
************************************
#64
1 1 1 1
1 2 1 1
1 1 3 4
1 1 4 3
The zero element is 1
************************************
#68
1 1 1 1
1 2 1 2
1 1 3 3
1 2 3 4
The zero element is 1
************************************
#77
1 1 1 1
1 2 2 2
1 2 2 2
1 2 2 2
The zero element is 1
************************************
#78
1 1 1 1
1 2 2 2
1 2 2 2
1 2 2 3
The zero element is 1
************************************
#79
1 1 1 1
1 2 2 2
1 2 2 2
1 2 2 4
The zero element is 1
************************************
#82
1 1 1 1
1 2 2 2
1 2 2 3
1 2 3 4
The zero element is 1
************************************
#83
1 1 1 1
1 2 2 2
1 2 3 2
1 2 2 4
The zero element is 1
************************************
#85
1 1 1 1
1 2 2 2
1 2 3 3
1 2 3 3
The zero element is 1
************************************
#86
1 1 1 1
1 2 2 2
1 2 3 3
1 2 3 4
The zero element is 1
************************************
#88
1 1 1 1
1 2 2 2
1 2 3 4
1 2 4 3
The zero element is 1
************************************
#91
1 1 1 1
1 2 2 4
1 2 2 4
1 4 4 2
The zero element is 1
************************************
#93
1 1 1 1
1 2 2 4
1 2 3 4
1 4 4 2
The zero element is 1
************************************
#96
1 1 1 1
1 2 3 3
1 3 2 2
1 3 2 2
The zero element is 1
************************************
#99
1 1 1 1
1 2 3 4
1 3 4 2
1 4 2 3
The zero element is 1
************************************
Number of semigroups with zero element: 39
