This is the output of the program I_commutative_ord2_to_6.java, which gives the list of abelian semigroups of order 4.
The total number of abelian semigroups in this order is is given at the end of the file.
************************************
#1
1 1 1 1
1 1 1 1
1 1 1 1
1 1 1 1
************************************
#2
1 1 1 1
1 1 1 1
1 1 1 1
1 1 1 2
************************************
#3
1 1 1 1
1 1 1 1
1 1 1 1
1 1 1 4
************************************
#10
1 1 1 1
1 1 1 1
1 1 1 2
1 1 2 1
************************************
#11
1 1 1 1
1 1 1 1
1 1 1 2
1 1 2 2
************************************
#12
1 1 1 1
1 1 1 1
1 1 1 2
1 1 2 3
************************************
#13
1 1 1 1
1 1 1 1
1 1 1 3
1 1 3 4
************************************
#16
1 1 1 1
1 1 1 1
1 1 2 1
1 1 1 2
************************************
#17
1 1 1 1
1 1 1 1
1 1 2 1
1 1 1 4
************************************
#20
1 1 1 1
1 1 1 1
1 1 2 2
1 1 2 2
************************************
#21
1 1 1 1
1 1 1 1
1 1 3 1
1 1 1 4
************************************
#24
1 1 1 1
1 1 1 1
1 1 3 3
1 1 3 3
************************************
#25
1 1 1 1
1 1 1 1
1 1 3 3
1 1 3 4
************************************
#28
1 1 1 1
1 1 1 1
1 1 3 4
1 1 4 3
************************************
#40
1 1 1 1
1 1 1 2
1 1 1 2
1 2 2 4
************************************
#42
1 1 1 1
1 1 1 2
1 1 1 3
1 2 3 4
************************************
#43
1 1 1 1
1 1 1 2
1 1 2 3
1 2 3 4
************************************
#44
1 1 1 1
1 1 1 2
1 1 3 1
1 2 1 4
************************************
#45
1 1 1 1
1 1 1 2
1 1 3 3
1 2 3 4
************************************
#55
1 1 1 1
1 1 2 2
1 2 3 3
1 2 3 3
************************************
#56
1 1 1 1
1 1 2 2
1 2 3 3
1 2 3 4
************************************
#58
1 1 1 1
1 1 2 2
1 2 3 4
1 2 4 3
************************************
#59
1 1 1 1
1 2 1 1
1 1 3 1
1 1 1 4
************************************
#61
1 1 1 1
1 2 1 1
1 1 3 3
1 1 3 3
************************************
#62
1 1 1 1
1 2 1 1
1 1 3 3
1 1 3 4
************************************
#64
1 1 1 1
1 2 1 1
1 1 3 4
1 1 4 3
************************************
#68
1 1 1 1
1 2 1 2
1 1 3 3
1 2 3 4
************************************
#77
1 1 1 1
1 2 2 2
1 2 2 2
1 2 2 2
************************************
#78
1 1 1 1
1 2 2 2
1 2 2 2
1 2 2 3
************************************
#79
1 1 1 1
1 2 2 2
1 2 2 2
1 2 2 4
************************************
#82
1 1 1 1
1 2 2 2
1 2 2 3
1 2 3 4
************************************
#83
1 1 1 1
1 2 2 2
1 2 3 2
1 2 2 4
************************************
#85
1 1 1 1
1 2 2 2
1 2 3 3
1 2 3 3
************************************
#86
1 1 1 1
1 2 2 2
1 2 3 3
1 2 3 4
************************************
#88
1 1 1 1
1 2 2 2
1 2 3 4
1 2 4 3
************************************
#91
1 1 1 1
1 2 2 4
1 2 2 4
1 4 4 2
************************************
#93
1 1 1 1
1 2 2 4
1 2 3 4
1 4 4 2
************************************
#96
1 1 1 1
1 2 3 3
1 3 2 2
1 3 2 2
************************************
#99
1 1 1 1
1 2 3 4
1 3 4 2
1 4 2 3
************************************
#103
1 1 1 4
1 1 1 4
1 1 1 4
4 4 4 1
************************************
#104
1 1 1 4
1 1 1 4
1 1 2 4
4 4 4 1
************************************
#105
1 1 1 4
1 1 1 4
1 1 3 4
4 4 4 1
************************************
#107
1 1 1 4
1 1 2 4
1 2 3 4
4 4 4 1
************************************
#108
1 1 1 4
1 2 1 4
1 1 3 4
4 4 4 1
************************************
#109
1 1 1 4
1 2 2 4
1 2 2 4
4 4 4 1
************************************
#110
1 1 1 4
1 2 2 4
1 2 3 4
4 4 4 1
************************************
#112
1 1 1 4
1 2 3 4
1 3 2 4
4 4 4 1
************************************
#113
1 1 3 3
1 1 3 3
3 3 1 1
3 3 1 1
************************************
#114
1 1 3 3
1 1 3 3
3 3 1 1
3 3 1 2
************************************
#115
1 1 3 3
1 2 3 3
3 3 1 1
3 3 1 1
************************************
#117
1 1 3 3
1 2 3 4
3 3 1 1
3 4 1 1
************************************
#118
1 1 3 3
1 2 3 4
3 3 1 1
3 4 1 2
************************************
#121
1 1 3 4
1 1 3 4
3 3 4 1
4 4 1 3
************************************
#122
1 1 3 4
1 2 3 4
3 3 4 1
4 4 1 3
************************************
#123
1 2 2 2
2 1 1 1
2 1 1 1
2 1 1 1
************************************
#124
1 2 2 4
2 4 4 1
2 4 4 1
4 1 1 2
************************************
#125
1 2 3 4
2 1 4 3
3 4 1 2
4 3 2 1
************************************
#126
1 2 3 4
2 1 4 3
3 4 2 1
4 3 1 2
************************************
Number of commutative semigroups of order 2: 
58
