This is the output of the program I_commutative_ord2_to_6.java, which gives the list of abelian semigroups of order 5.
The total number of abelian semigroups in this order is is given at the end of the file.
************************************
#1
1 1 1 1 1
1 1 1 1 1
1 1 1 1 1
1 1 1 1 1
1 1 1 1 1
************************************
#2
1 1 1 1 1
1 1 1 1 1
1 1 1 1 1
1 1 1 1 1
1 1 1 1 2
************************************
#3
1 1 1 1 1
1 1 1 1 1
1 1 1 1 1
1 1 1 1 1
1 1 1 1 5
************************************
#16
1 1 1 1 1
1 1 1 1 1
1 1 1 1 1
1 1 1 1 2
1 1 1 2 1
************************************
#17
1 1 1 1 1
1 1 1 1 1
1 1 1 1 1
1 1 1 1 2
1 1 1 2 2
************************************
#18
1 1 1 1 1
1 1 1 1 1
1 1 1 1 1
1 1 1 1 2
1 1 1 2 3
************************************
#19
1 1 1 1 1
1 1 1 1 1
1 1 1 1 1
1 1 1 1 2
1 1 1 2 4
************************************
#27
1 1 1 1 1
1 1 1 1 1
1 1 1 1 1
1 1 1 1 4
1 1 1 4 5
************************************
#34
1 1 1 1 1
1 1 1 1 1
1 1 1 1 1
1 1 1 2 1
1 1 1 1 2
************************************
#35
1 1 1 1 1
1 1 1 1 1
1 1 1 1 1
1 1 1 2 1
1 1 1 1 3
************************************
#36
1 1 1 1 1
1 1 1 1 1
1 1 1 1 1
1 1 1 2 1
1 1 1 1 5
************************************
#47
1 1 1 1 1
1 1 1 1 1
1 1 1 1 1
1 1 1 2 2
1 1 1 2 2
************************************
#48
1 1 1 1 1
1 1 1 1 1
1 1 1 1 1
1 1 1 2 2
1 1 1 2 3
************************************
#55
1 1 1 1 1
1 1 1 1 1
1 1 1 1 1
1 1 1 2 3
1 1 1 3 2
************************************
#56
1 1 1 1 1
1 1 1 1 1
1 1 1 1 1
1 1 1 4 1
1 1 1 1 5
************************************
#63
1 1 1 1 1
1 1 1 1 1
1 1 1 1 1
1 1 1 4 4
1 1 1 4 4
************************************
#64
1 1 1 1 1
1 1 1 1 1
1 1 1 1 1
1 1 1 4 4
1 1 1 4 5
************************************
#70
1 1 1 1 1
1 1 1 1 1
1 1 1 1 1
1 1 1 4 5
1 1 1 5 4
************************************
#116
1 1 1 1 1
1 1 1 1 1
1 1 1 1 2
1 1 1 1 2
1 1 2 2 1
************************************
#117
1 1 1 1 1
1 1 1 1 1
1 1 1 1 2
1 1 1 1 2
1 1 2 2 2
************************************
#118
1 1 1 1 1
1 1 1 1 1
1 1 1 1 2
1 1 1 1 2
1 1 2 2 3
************************************
#119
1 1 1 1 1
1 1 1 1 1
1 1 1 1 2
1 1 1 2 1
1 1 2 1 1
************************************
#120
1 1 1 1 1
1 1 1 1 1
1 1 1 1 2
1 1 1 2 1
1 1 2 1 2
************************************
#121
1 1 1 1 1
1 1 1 1 1
1 1 1 1 2
1 1 1 2 1
1 1 2 1 3
************************************
#125
1 1 1 1 1
1 1 1 1 1
1 1 1 1 2
1 1 1 2 2
1 1 2 2 1
************************************
#126
1 1 1 1 1
1 1 1 1 1
1 1 1 1 2
1 1 1 2 2
1 1 2 2 2
************************************
#127
1 1 1 1 1
1 1 1 1 1
1 1 1 1 2
1 1 1 2 2
1 1 2 2 3
************************************
#128
1 1 1 1 1
1 1 1 1 1
1 1 1 1 2
1 1 1 2 3
1 1 2 3 4
************************************
#129
1 1 1 1 1
1 1 1 1 1
1 1 1 1 2
1 1 1 4 1
1 1 2 1 1
************************************
#130
1 1 1 1 1
1 1 1 1 1
1 1 1 1 2
1 1 1 4 1
1 1 2 1 2
************************************
#131
1 1 1 1 1
1 1 1 1 1
1 1 1 1 2
1 1 1 4 1
1 1 2 1 3
************************************
#132
1 1 1 1 1
1 1 1 1 1
1 1 1 1 2
1 1 1 4 4
1 1 2 4 4
************************************
#157
1 1 1 1 1
1 1 1 1 1
1 1 1 1 3
1 1 1 1 3
1 1 3 3 5
************************************
#162
1 1 1 1 1
1 1 1 1 1
1 1 1 1 3
1 1 1 1 4
1 1 3 4 5
************************************
#166
1 1 1 1 1
1 1 1 1 1
1 1 1 1 3
1 1 1 2 1
1 1 3 1 5
************************************
#167
1 1 1 1 1
1 1 1 1 1
1 1 1 1 3
1 1 1 2 3
1 1 3 3 5
************************************
#168
1 1 1 1 1
1 1 1 1 1
1 1 1 1 3
1 1 1 3 4
1 1 3 4 5
************************************
#170
1 1 1 1 1
1 1 1 1 1
1 1 1 1 3
1 1 1 4 1
1 1 3 1 5
************************************
#173
1 1 1 1 1
1 1 1 1 1
1 1 1 1 3
1 1 1 4 4
1 1 3 4 5
************************************
#199
1 1 1 1 1
1 1 1 1 1
1 1 1 2 2
1 1 2 1 2
1 1 2 2 1
************************************
#200
1 1 1 1 1
1 1 1 1 1
1 1 1 2 2
1 1 2 1 2
1 1 2 2 2
************************************
#201
1 1 1 1 1
1 1 1 1 1
1 1 1 2 2
1 1 2 2 1
1 1 2 1 2
************************************
#203
1 1 1 1 1
1 1 1 1 1
1 1 1 2 2
1 1 2 2 2
1 1 2 2 2
************************************
#204
1 1 1 1 1
1 1 1 1 1
1 1 1 2 2
1 1 2 3 3
1 1 2 3 3
************************************
#207
1 1 1 1 1
1 1 1 1 1
1 1 1 3 3
1 1 3 4 4
1 1 3 4 4
************************************
#208
1 1 1 1 1
1 1 1 1 1
1 1 1 3 3
1 1 3 4 4
1 1 3 4 5
************************************
#211
1 1 1 1 1
1 1 1 1 1
1 1 1 3 3
1 1 3 4 5
1 1 3 5 4
************************************
#222
1 1 1 1 1
1 1 1 1 1
1 1 2 1 1
1 1 1 2 1
1 1 1 1 2
************************************
#223
1 1 1 1 1
1 1 1 1 1
1 1 2 1 1
1 1 1 2 1
1 1 1 1 5
************************************
#227
1 1 1 1 1
1 1 1 1 1
1 1 2 1 1
1 1 1 2 2
1 1 1 2 2
************************************
#230
1 1 1 1 1
1 1 1 1 1
1 1 2 1 1
1 1 1 4 1
1 1 1 1 5
************************************
#233
1 1 1 1 1
1 1 1 1 1
1 1 2 1 1
1 1 1 4 4
1 1 1 4 4
************************************
#234
1 1 1 1 1
1 1 1 1 1
1 1 2 1 1
1 1 1 4 4
1 1 1 4 5
************************************
#237
1 1 1 1 1
1 1 1 1 1
1 1 2 1 1
1 1 1 4 5
1 1 1 5 4
************************************
#245
1 1 1 1 1
1 1 1 1 1
1 1 2 1 2
1 1 1 2 2
1 1 2 2 2
************************************
#246
1 1 1 1 1
1 1 1 1 1
1 1 2 1 2
1 1 1 4 1
1 1 2 1 2
************************************
#247
1 1 1 1 1
1 1 1 1 1
1 1 2 1 2
1 1 1 4 4
1 1 2 4 4
************************************
#254
1 1 1 1 1
1 1 1 1 1
1 1 2 2 2
1 1 2 2 2
1 1 2 2 2
************************************
#255
1 1 1 1 1
1 1 1 1 1
1 1 3 1 1
1 1 1 4 1
1 1 1 1 5
************************************
#258
1 1 1 1 1
1 1 1 1 1
1 1 3 1 1
1 1 1 4 4
1 1 1 4 4
************************************
#259
1 1 1 1 1
1 1 1 1 1
1 1 3 1 1
1 1 1 4 4
1 1 1 4 5
************************************
#262
1 1 1 1 1
1 1 1 1 1
1 1 3 1 1
1 1 1 4 5
1 1 1 5 4
************************************
#275
1 1 1 1 1
1 1 1 1 1
1 1 3 1 3
1 1 1 4 4
1 1 3 4 5
************************************
#295
1 1 1 1 1
1 1 1 1 1
1 1 3 3 3
1 1 3 3 3
1 1 3 3 3
************************************
#296
1 1 1 1 1
1 1 1 1 1
1 1 3 3 3
1 1 3 3 3
1 1 3 3 4
************************************
#297
1 1 1 1 1
1 1 1 1 1
1 1 3 3 3
1 1 3 3 3
1 1 3 3 5
************************************
#302
1 1 1 1 1
1 1 1 1 1
1 1 3 3 3
1 1 3 3 4
1 1 3 4 5
************************************
#305
1 1 1 1 1
1 1 1 1 1
1 1 3 3 3
1 1 3 4 3
1 1 3 3 5
************************************
#308
1 1 1 1 1
1 1 1 1 1
1 1 3 3 3
1 1 3 4 4
1 1 3 4 4
************************************
#309
1 1 1 1 1
1 1 1 1 1
1 1 3 3 3
1 1 3 4 4
1 1 3 4 5
************************************
#312
1 1 1 1 1
1 1 1 1 1
1 1 3 3 3
1 1 3 4 5
1 1 3 5 4
************************************
#322
1 1 1 1 1
1 1 1 1 1
1 1 3 3 5
1 1 3 3 5
1 1 5 5 3
************************************
#324
1 1 1 1 1
1 1 1 1 1
1 1 3 3 5
1 1 3 4 5
1 1 5 5 3
************************************
#331
1 1 1 1 1
1 1 1 1 1
1 1 3 4 4
1 1 4 3 3
1 1 4 3 3
************************************
#338
1 1 1 1 1
1 1 1 1 1
1 1 3 4 5
1 1 4 5 3
1 1 5 3 4
************************************
#406
1 1 1 1 1
1 1 1 1 2
1 1 1 1 2
1 1 1 1 2
1 2 2 2 5
************************************
#410
1 1 1 1 1
1 1 1 1 2
1 1 1 1 2
1 1 1 1 4
1 2 2 4 5
************************************
#413
1 1 1 1 1
1 1 1 1 2
1 1 1 1 2
1 1 1 2 4
1 2 2 4 5
************************************
#415
1 1 1 1 1
1 1 1 1 2
1 1 1 1 2
1 1 1 4 1
1 2 2 1 5
************************************
#417
1 1 1 1 1
1 1 1 1 2
1 1 1 1 2
1 1 1 4 4
1 2 2 4 5
************************************
#433
1 1 1 1 1
1 1 1 1 2
1 1 1 1 3
1 1 1 1 4
1 2 3 4 5
************************************
#434
1 1 1 1 1
1 1 1 1 2
1 1 1 1 3
1 1 1 2 4
1 2 3 4 5
************************************
#435
1 1 1 1 1
1 1 1 1 2
1 1 1 1 3
1 1 1 4 1
1 2 3 1 5
************************************
#436
1 1 1 1 1
1 1 1 1 2
1 1 1 1 3
1 1 1 4 4
1 2 3 4 5
************************************
#459
1 1 1 1 1
1 1 1 1 2
1 1 1 2 3
1 1 2 1 4
1 2 3 4 5
************************************
#460
1 1 1 1 1
1 1 1 1 2
1 1 1 2 3
1 1 2 2 4
1 2 3 4 5
************************************
#461
1 1 1 1 1
1 1 1 1 2
1 1 1 2 3
1 1 2 3 4
1 2 3 4 5
************************************
#462
1 1 1 1 1
1 1 1 1 2
1 1 1 3 1
1 1 3 4 1
1 2 1 1 5
************************************
#466
1 1 1 1 1
1 1 1 1 2
1 1 1 3 3
1 1 3 4 4
1 2 3 4 5
************************************
#469
1 1 1 1 1
1 1 1 1 2
1 1 2 1 3
1 1 1 2 4
1 2 3 4 5
************************************
#470
1 1 1 1 1
1 1 1 1 2
1 1 2 1 3
1 1 1 4 1
1 2 3 1 5
************************************
#471
1 1 1 1 1
1 1 1 1 2
1 1 2 1 3
1 1 1 4 4
1 2 3 4 5
************************************
#475
1 1 1 1 1
1 1 1 1 2
1 1 2 2 3
1 1 2 2 3
1 2 3 3 5
************************************
#477
1 1 1 1 1
1 1 1 1 2
1 1 2 2 3
1 1 2 2 4
1 2 3 4 5
************************************
#478
1 1 1 1 1
1 1 1 1 2
1 1 3 1 1
1 1 1 4 1
1 2 1 1 5
************************************
#479
1 1 1 1 1
1 1 1 1 2
1 1 3 1 1
1 1 1 4 4
1 2 1 4 5
************************************
#488
1 1 1 1 1
1 1 1 1 2
1 1 3 1 3
1 1 1 4 4
1 2 3 4 5
************************************
#496
1 1 1 1 1
1 1 1 1 2
1 1 3 3 1
1 1 3 3 1
1 2 1 1 5
************************************
#497
1 1 1 1 1
1 1 1 1 2
1 1 3 3 1
1 1 3 3 2
1 2 1 2 5
************************************
#498
1 1 1 1 1
1 1 1 1 2
1 1 3 3 1
1 1 3 4 1
1 2 1 1 5
************************************
#500
1 1 1 1 1
1 1 1 1 2
1 1 3 3 3
1 1 3 3 3
1 2 3 3 5
************************************
#502
1 1 1 1 1
1 1 1 1 2
1 1 3 3 3
1 1 3 3 4
1 2 3 4 5
************************************
#503
1 1 1 1 1
1 1 1 1 2
1 1 3 3 3
1 1 3 4 3
1 2 3 3 5
************************************
#504
1 1 1 1 1
1 1 1 1 2
1 1 3 3 3
1 1 3 4 4
1 2 3 4 5
************************************
#509
1 1 1 1 1
1 1 1 1 2
1 1 3 4 1
1 1 4 3 1
1 2 1 1 5
************************************
#512
1 1 1 1 1
1 1 1 1 2
1 1 3 4 3
1 1 4 3 4
1 2 3 4 5
************************************
#582
1 1 1 1 1
1 1 1 2 2
1 1 1 2 2
1 2 2 4 4
1 2 2 4 4
************************************
#583
1 1 1 1 1
1 1 1 2 2
1 1 1 2 2
1 2 2 4 4
1 2 2 4 5
************************************
#586
1 1 1 1 1
1 1 1 2 2
1 1 1 2 2
1 2 2 4 5
1 2 2 5 4
************************************
#592
1 1 1 1 1
1 1 1 2 2
1 1 1 2 3
1 2 2 4 4
1 2 3 4 5
************************************
#595
1 1 1 1 1
1 1 1 2 2
1 1 1 3 3
1 2 3 4 4
1 2 3 4 4
************************************
#596
1 1 1 1 1
1 1 1 2 2
1 1 1 3 3
1 2 3 4 4
1 2 3 4 5
************************************
#598
1 1 1 1 1
1 1 1 2 2
1 1 1 3 3
1 2 3 4 5
1 2 3 5 4
************************************
#600
1 1 1 1 1
1 1 1 2 2
1 1 2 3 3
1 2 3 4 4
1 2 3 4 4
************************************
#601
1 1 1 1 1
1 1 1 2 2
1 1 2 3 3
1 2 3 4 4
1 2 3 4 5
************************************
#603
1 1 1 1 1
1 1 1 2 2
1 1 2 3 3
1 2 3 4 5
1 2 3 5 4
************************************
#604
1 1 1 1 1
1 1 1 2 2
1 1 3 1 1
1 2 1 4 4
1 2 1 4 4
************************************
#605
1 1 1 1 1
1 1 1 2 2
1 1 3 1 1
1 2 1 4 4
1 2 1 4 5
************************************
#607
1 1 1 1 1
1 1 1 2 2
1 1 3 1 1
1 2 1 4 5
1 2 1 5 4
************************************
#608
1 1 1 1 1
1 1 1 2 2
1 1 3 1 3
1 2 1 4 4
1 2 3 4 5
************************************
#609
1 1 1 1 1
1 1 1 2 2
1 1 3 3 3
1 2 3 4 4
1 2 3 4 4
************************************
#610
1 1 1 1 1
1 1 1 2 2
1 1 3 3 3
1 2 3 4 4
1 2 3 4 5
************************************
#612
1 1 1 1 1
1 1 1 2 2
1 1 3 3 3
1 2 3 4 5
1 2 3 5 4
************************************
#654
1 1 1 1 1
1 1 1 2 3
1 1 1 3 2
1 2 3 4 5
1 3 2 5 4
************************************
#662
1 1 1 1 1
1 1 2 2 2
1 2 3 3 3
1 2 3 3 3
1 2 3 3 3
************************************
#663
1 1 1 1 1
1 1 2 2 2
1 2 3 3 3
1 2 3 3 3
1 2 3 3 4
************************************
#664
1 1 1 1 1
1 1 2 2 2
1 2 3 3 3
1 2 3 3 3
1 2 3 3 5
************************************
#667
1 1 1 1 1
1 1 2 2 2
1 2 3 3 3
1 2 3 3 4
1 2 3 4 5
************************************
#668
1 1 1 1 1
1 1 2 2 2
1 2 3 3 3
1 2 3 4 3
1 2 3 3 5
************************************
#670
1 1 1 1 1
1 1 2 2 2
1 2 3 3 3
1 2 3 4 4
1 2 3 4 4
************************************
#671
1 1 1 1 1
1 1 2 2 2
1 2 3 3 3
1 2 3 4 4
1 2 3 4 5
************************************
#673
1 1 1 1 1
1 1 2 2 2
1 2 3 3 3
1 2 3 4 5
1 2 3 5 4
************************************
#676
1 1 1 1 1
1 1 2 2 2
1 2 3 3 5
1 2 3 3 5
1 2 5 5 3
************************************
#677
1 1 1 1 1
1 1 2 2 2
1 2 3 3 5
1 2 3 4 5
1 2 5 5 3
************************************
#678
1 1 1 1 1
1 1 2 2 2
1 2 3 4 4
1 2 4 3 3
1 2 4 3 3
************************************
#679
1 1 1 1 1
1 1 2 2 2
1 2 3 4 5
1 2 4 5 3
1 2 5 3 4
************************************
#680
1 1 1 1 1
1 2 1 1 1
1 1 3 1 1
1 1 1 4 1
1 1 1 1 5
************************************
#682
1 1 1 1 1
1 2 1 1 1
1 1 3 1 1
1 1 1 4 4
1 1 1 4 4
************************************
#683
1 1 1 1 1
1 2 1 1 1
1 1 3 1 1
1 1 1 4 4
1 1 1 4 5
************************************
#685
1 1 1 1 1
1 2 1 1 1
1 1 3 1 1
1 1 1 4 5
1 1 1 5 4
************************************
#689
1 1 1 1 1
1 2 1 1 1
1 1 3 1 3
1 1 1 4 4
1 1 3 4 5
************************************
#698
1 1 1 1 1
1 2 1 1 1
1 1 3 3 3
1 1 3 3 3
1 1 3 3 3
************************************
#699
1 1 1 1 1
1 2 1 1 1
1 1 3 3 3
1 1 3 3 3
1 1 3 3 4
************************************
#700
1 1 1 1 1
1 2 1 1 1
1 1 3 3 3
1 1 3 3 3
1 1 3 3 5
************************************
#703
1 1 1 1 1
1 2 1 1 1
1 1 3 3 3
1 1 3 3 4
1 1 3 4 5
************************************
#704
1 1 1 1 1
1 2 1 1 1
1 1 3 3 3
1 1 3 4 3
1 1 3 3 5
************************************
#706
1 1 1 1 1
1 2 1 1 1
1 1 3 3 3
1 1 3 4 4
1 1 3 4 4
************************************
#707
1 1 1 1 1
1 2 1 1 1
1 1 3 3 3
1 1 3 4 4
1 1 3 4 5
************************************
#709
1 1 1 1 1
1 2 1 1 1
1 1 3 3 3
1 1 3 4 5
1 1 3 5 4
************************************
#712
1 1 1 1 1
1 2 1 1 1
1 1 3 3 5
1 1 3 3 5
1 1 5 5 3
************************************
#714
1 1 1 1 1
1 2 1 1 1
1 1 3 3 5
1 1 3 4 5
1 1 5 5 3
************************************
#717
1 1 1 1 1
1 2 1 1 1
1 1 3 4 4
1 1 4 3 3
1 1 4 3 3
************************************
#722
1 1 1 1 1
1 2 1 1 1
1 1 3 4 5
1 1 4 5 3
1 1 5 3 4
************************************
#734
1 1 1 1 1
1 2 1 1 2
1 1 3 1 3
1 1 1 4 4
1 2 3 4 5
************************************
#737
1 1 1 1 1
1 2 1 1 2
1 1 3 3 1
1 1 3 3 1
1 2 1 1 2
************************************
#738
1 1 1 1 1
1 2 1 1 2
1 1 3 3 1
1 1 3 3 1
1 2 1 1 5
************************************
#740
1 1 1 1 1
1 2 1 1 2
1 1 3 3 1
1 1 3 4 1
1 2 1 1 5
************************************
#743
1 1 1 1 1
1 2 1 1 2
1 1 3 3 3
1 1 3 3 3
1 2 3 3 5
************************************
#745
1 1 1 1 1
1 2 1 1 2
1 1 3 3 3
1 1 3 3 4
1 2 3 4 5
************************************
#746
1 1 1 1 1
1 2 1 1 2
1 1 3 3 3
1 1 3 4 3
1 2 3 3 5
************************************
#747
1 1 1 1 1
1 2 1 1 2
1 1 3 3 3
1 1 3 4 4
1 2 3 4 5
************************************
#751
1 1 1 1 1
1 2 1 1 2
1 1 3 4 1
1 1 4 3 1
1 2 1 1 2
************************************
#752
1 1 1 1 1
1 2 1 1 2
1 1 3 4 1
1 1 4 3 1
1 2 1 1 5
************************************
#757
1 1 1 1 1
1 2 1 1 2
1 1 3 4 3
1 1 4 3 4
1 2 3 4 5
************************************
#770
1 1 1 1 1
1 2 1 1 5
1 1 3 4 1
1 1 4 3 1
1 5 1 1 2
************************************
#776
1 1 1 1 1
1 2 1 2 2
1 1 3 3 3
1 2 3 4 4
1 2 3 4 4
************************************
#777
1 1 1 1 1
1 2 1 2 2
1 1 3 3 3
1 2 3 4 4
1 2 3 4 5
************************************
#779
1 1 1 1 1
1 2 1 2 2
1 1 3 3 3
1 2 3 4 5
1 2 3 5 4
************************************
#835
1 1 1 1 1
1 2 2 2 2
1 2 2 2 2
1 2 2 2 2
1 2 2 2 2
************************************
#836
1 1 1 1 1
1 2 2 2 2
1 2 2 2 2
1 2 2 2 2
1 2 2 2 3
************************************
#837
1 1 1 1 1
1 2 2 2 2
1 2 2 2 2
1 2 2 2 2
1 2 2 2 5
************************************
#844
1 1 1 1 1
1 2 2 2 2
1 2 2 2 2
1 2 2 2 3
1 2 2 3 2
************************************
#845
1 1 1 1 1
1 2 2 2 2
1 2 2 2 2
1 2 2 2 3
1 2 2 3 3
************************************
#846
1 1 1 1 1
1 2 2 2 2
1 2 2 2 2
1 2 2 2 3
1 2 2 3 4
************************************
#847
1 1 1 1 1
1 2 2 2 2
1 2 2 2 2
1 2 2 2 4
1 2 2 4 5
************************************
#850
1 1 1 1 1
1 2 2 2 2
1 2 2 2 2
1 2 2 3 2
1 2 2 2 3
************************************
#851
1 1 1 1 1
1 2 2 2 2
1 2 2 2 2
1 2 2 3 2
1 2 2 2 5
************************************
#854
1 1 1 1 1
1 2 2 2 2
1 2 2 2 2
1 2 2 3 3
1 2 2 3 3
************************************
#855
1 1 1 1 1
1 2 2 2 2
1 2 2 2 2
1 2 2 4 2
1 2 2 2 5
************************************
#858
1 1 1 1 1
1 2 2 2 2
1 2 2 2 2
1 2 2 4 4
1 2 2 4 4
************************************
#859
1 1 1 1 1
1 2 2 2 2
1 2 2 2 2
1 2 2 4 4
1 2 2 4 5
************************************
#862
1 1 1 1 1
1 2 2 2 2
1 2 2 2 2
1 2 2 4 5
1 2 2 5 4
************************************
#874
1 1 1 1 1
1 2 2 2 2
1 2 2 2 3
1 2 2 2 3
1 2 3 3 5
************************************
#876
1 1 1 1 1
1 2 2 2 2
1 2 2 2 3
1 2 2 2 4
1 2 3 4 5
************************************
#877
1 1 1 1 1
1 2 2 2 2
1 2 2 2 3
1 2 2 3 4
1 2 3 4 5
************************************
#878
1 1 1 1 1
1 2 2 2 2
1 2 2 2 3
1 2 2 4 2
1 2 3 2 5
************************************
#879
1 1 1 1 1
1 2 2 2 2
1 2 2 2 3
1 2 2 4 4
1 2 3 4 5
************************************
#889
1 1 1 1 1
1 2 2 2 2
1 2 2 3 3
1 2 3 4 4
1 2 3 4 4
************************************
#890
1 1 1 1 1
1 2 2 2 2
1 2 2 3 3
1 2 3 4 4
1 2 3 4 5
************************************
#892
1 1 1 1 1
1 2 2 2 2
1 2 2 3 3
1 2 3 4 5
1 2 3 5 4
************************************
#893
1 1 1 1 1
1 2 2 2 2
1 2 3 2 2
1 2 2 4 2
1 2 2 2 5
************************************
#895
1 1 1 1 1
1 2 2 2 2
1 2 3 2 2
1 2 2 4 4
1 2 2 4 4
************************************
#896
1 1 1 1 1
1 2 2 2 2
1 2 3 2 2
1 2 2 4 4
1 2 2 4 5
************************************
#898
1 1 1 1 1
1 2 2 2 2
1 2 3 2 2
1 2 2 4 5
1 2 2 5 4
************************************
#902
1 1 1 1 1
1 2 2 2 2
1 2 3 2 3
1 2 2 4 4
1 2 3 4 5
************************************
#911
1 1 1 1 1
1 2 2 2 2
1 2 3 3 3
1 2 3 3 3
1 2 3 3 3
************************************
#912
1 1 1 1 1
1 2 2 2 2
1 2 3 3 3
1 2 3 3 3
1 2 3 3 4
************************************
#913
1 1 1 1 1
1 2 2 2 2
1 2 3 3 3
1 2 3 3 3
1 2 3 3 5
************************************
#916
1 1 1 1 1
1 2 2 2 2
1 2 3 3 3
1 2 3 3 4
1 2 3 4 5
************************************
#917
1 1 1 1 1
1 2 2 2 2
1 2 3 3 3
1 2 3 4 3
1 2 3 3 5
************************************
#919
1 1 1 1 1
1 2 2 2 2
1 2 3 3 3
1 2 3 4 4
1 2 3 4 4
************************************
#920
1 1 1 1 1
1 2 2 2 2
1 2 3 3 3
1 2 3 4 4
1 2 3 4 5
************************************
#922
1 1 1 1 1
1 2 2 2 2
1 2 3 3 3
1 2 3 4 5
1 2 3 5 4
************************************
#925
1 1 1 1 1
1 2 2 2 2
1 2 3 3 5
1 2 3 3 5
1 2 5 5 3
************************************
#927
1 1 1 1 1
1 2 2 2 2
1 2 3 3 5
1 2 3 4 5
1 2 5 5 3
************************************
#930
1 1 1 1 1
1 2 2 2 2
1 2 3 4 4
1 2 4 3 3
1 2 4 3 3
************************************
#933
1 1 1 1 1
1 2 2 2 2
1 2 3 4 5
1 2 4 5 3
1 2 5 3 4
************************************
#937
1 1 1 1 1
1 2 2 2 5
1 2 2 2 5
1 2 2 2 5
1 5 5 5 2
************************************
#939
1 1 1 1 1
1 2 2 2 5
1 2 2 2 5
1 2 2 3 5
1 5 5 5 2
************************************
#941
1 1 1 1 1
1 2 2 2 5
1 2 2 2 5
1 2 2 4 5
1 5 5 5 2
************************************
#947
1 1 1 1 1
1 2 2 2 5
1 2 2 3 5
1 2 3 4 5
1 5 5 5 2
************************************
#949
1 1 1 1 1
1 2 2 2 5
1 2 3 2 5
1 2 2 4 5
1 5 5 5 2
************************************
#952
1 1 1 1 1
1 2 2 2 5
1 2 3 3 5
1 2 3 3 5
1 5 5 5 2
************************************
#954
1 1 1 1 1
1 2 2 2 5
1 2 3 3 5
1 2 3 4 5
1 5 5 5 2
************************************
#959
1 1 1 1 1
1 2 2 2 5
1 2 3 4 5
1 2 4 3 5
1 5 5 5 2
************************************
#963
1 1 1 1 1
1 2 2 4 4
1 2 2 4 4
1 4 4 2 2
1 4 4 2 2
************************************
#964
1 1 1 1 1
1 2 2 4 4
1 2 2 4 4
1 4 4 2 2
1 4 4 2 3
************************************
#965
1 1 1 1 1
1 2 2 4 4
1 2 3 4 4
1 4 4 2 2
1 4 4 2 2
************************************
#967
1 1 1 1 1
1 2 2 4 4
1 2 3 4 5
1 4 4 2 2
1 4 5 2 2
************************************
#968
1 1 1 1 1
1 2 2 4 4
1 2 3 4 5
1 4 4 2 2
1 4 5 2 3
************************************
#973
1 1 1 1 1
1 2 2 4 5
1 2 2 4 5
1 4 4 5 2
1 5 5 2 4
************************************
#979
1 1 1 1 1
1 2 2 4 5
1 2 3 4 5
1 4 4 5 2
1 5 5 2 4
************************************
#983
1 1 1 1 1
1 2 3 3 3
1 3 2 2 2
1 3 2 2 2
1 3 2 2 2
************************************
#985
1 1 1 1 1
1 2 3 3 5
1 3 5 5 2
1 3 5 5 2
1 5 2 2 3
************************************
#990
1 1 1 1 1
1 2 3 4 5
1 3 2 5 4
1 4 5 2 3
1 5 4 3 2
************************************
#991
1 1 1 1 1
1 2 3 4 5
1 3 2 5 4
1 4 5 3 2
1 5 4 2 3
************************************
#996
1 1 1 1 5
1 1 1 1 5
1 1 1 1 5
1 1 1 1 5
5 5 5 5 1
************************************
#997
1 1 1 1 5
1 1 1 1 5
1 1 1 1 5
1 1 1 2 5
5 5 5 5 1
************************************
#998
1 1 1 1 5
1 1 1 1 5
1 1 1 1 5
1 1 1 4 5
5 5 5 5 1
************************************
#1004
1 1 1 1 5
1 1 1 1 5
1 1 1 2 5
1 1 2 1 5
5 5 5 5 1
************************************
#1005
1 1 1 1 5
1 1 1 1 5
1 1 1 2 5
1 1 2 2 5
5 5 5 5 1
************************************
#1006
1 1 1 1 5
1 1 1 1 5
1 1 1 2 5
1 1 2 3 5
5 5 5 5 1
************************************
#1007
1 1 1 1 5
1 1 1 1 5
1 1 1 3 5
1 1 3 4 5
5 5 5 5 1
************************************
#1010
1 1 1 1 5
1 1 1 1 5
1 1 2 1 5
1 1 1 2 5
5 5 5 5 1
************************************
#1011
1 1 1 1 5
1 1 1 1 5
1 1 2 1 5
1 1 1 4 5
5 5 5 5 1
************************************
#1013
1 1 1 1 5
1 1 1 1 5
1 1 2 2 5
1 1 2 2 5
5 5 5 5 1
************************************
#1014
1 1 1 1 5
1 1 1 1 5
1 1 3 1 5
1 1 1 4 5
5 5 5 5 1
************************************
#1016
1 1 1 1 5
1 1 1 1 5
1 1 3 3 5
1 1 3 3 5
5 5 5 5 1
************************************
#1017
1 1 1 1 5
1 1 1 1 5
1 1 3 3 5
1 1 3 4 5
5 5 5 5 1
************************************
#1020
1 1 1 1 5
1 1 1 1 5
1 1 3 4 5
1 1 4 3 5
5 5 5 5 1
************************************
#1026
1 1 1 1 5
1 1 1 2 5
1 1 1 2 5
1 2 2 4 5
5 5 5 5 1
************************************
#1028
1 1 1 1 5
1 1 1 2 5
1 1 1 3 5
1 2 3 4 5
5 5 5 5 1
************************************
#1029
1 1 1 1 5
1 1 1 2 5
1 1 2 3 5
1 2 3 4 5
5 5 5 5 1
************************************
#1030
1 1 1 1 5
1 1 1 2 5
1 1 3 1 5
1 2 1 4 5
5 5 5 5 1
************************************
#1031
1 1 1 1 5
1 1 1 2 5
1 1 3 3 5
1 2 3 4 5
5 5 5 5 1
************************************
#1035
1 1 1 1 5
1 1 2 2 5
1 2 3 3 5
1 2 3 3 5
5 5 5 5 1
************************************
#1036
1 1 1 1 5
1 1 2 2 5
1 2 3 3 5
1 2 3 4 5
5 5 5 5 1
************************************
#1038
1 1 1 1 5
1 1 2 2 5
1 2 3 4 5
1 2 4 3 5
5 5 5 5 1
************************************
#1039
1 1 1 1 5
1 2 1 1 5
1 1 3 1 5
1 1 1 4 5
5 5 5 5 1
************************************
#1040
1 1 1 1 5
1 2 1 1 5
1 1 3 3 5
1 1 3 3 5
5 5 5 5 1
************************************
#1041
1 1 1 1 5
1 2 1 1 5
1 1 3 3 5
1 1 3 4 5
5 5 5 5 1
************************************
#1043
1 1 1 1 5
1 2 1 1 5
1 1 3 4 5
1 1 4 3 5
5 5 5 5 1
************************************
#1044
1 1 1 1 5
1 2 1 2 5
1 1 3 3 5
1 2 3 4 5
5 5 5 5 1
************************************
#1045
1 1 1 1 5
1 2 2 2 5
1 2 2 2 5
1 2 2 2 5
5 5 5 5 1
************************************
#1046
1 1 1 1 5
1 2 2 2 5
1 2 2 2 5
1 2 2 3 5
5 5 5 5 1
************************************
#1047
1 1 1 1 5
1 2 2 2 5
1 2 2 2 5
1 2 2 4 5
5 5 5 5 1
************************************
#1050
1 1 1 1 5
1 2 2 2 5
1 2 2 3 5
1 2 3 4 5
5 5 5 5 1
************************************
#1051
1 1 1 1 5
1 2 2 2 5
1 2 3 2 5
1 2 2 4 5
5 5 5 5 1
************************************
#1053
1 1 1 1 5
1 2 2 2 5
1 2 3 3 5
1 2 3 3 5
5 5 5 5 1
************************************
#1054
1 1 1 1 5
1 2 2 2 5
1 2 3 3 5
1 2 3 4 5
5 5 5 5 1
************************************
#1056
1 1 1 1 5
1 2 2 2 5
1 2 3 4 5
1 2 4 3 5
5 5 5 5 1
************************************
#1059
1 1 1 1 5
1 2 2 4 5
1 2 2 4 5
1 4 4 2 5
5 5 5 5 1
************************************
#1060
1 1 1 1 5
1 2 2 4 5
1 2 3 4 5
1 4 4 2 5
5 5 5 5 1
************************************
#1061
1 1 1 1 5
1 2 3 3 5
1 3 2 2 5
1 3 2 2 5
5 5 5 5 1
************************************
#1062
1 1 1 1 5
1 2 3 4 5
1 3 4 2 5
1 4 2 3 5
5 5 5 5 1
************************************
#1063
1 1 1 4 4
1 1 1 4 4
1 1 1 4 4
4 4 4 1 1
4 4 4 1 1
************************************
#1064
1 1 1 4 4
1 1 1 4 4
1 1 1 4 4
4 4 4 1 1
4 4 4 1 2
************************************
#1065
1 1 1 4 4
1 1 1 4 4
1 1 2 4 4
4 4 4 1 1
4 4 4 1 1
************************************
#1066
1 1 1 4 4
1 1 1 4 4
1 1 2 4 4
4 4 4 1 1
4 4 4 1 2
************************************
#1067
1 1 1 4 4
1 1 1 4 4
1 1 3 4 4
4 4 4 1 1
4 4 4 1 1
************************************
#1068
1 1 1 4 4
1 1 1 4 4
1 1 3 4 4
4 4 4 1 1
4 4 4 1 2
************************************
#1070
1 1 1 4 4
1 1 1 4 4
1 1 3 4 5
4 4 4 1 1
4 4 5 1 1
************************************
#1071
1 1 1 4 4
1 1 1 4 4
1 1 3 4 5
4 4 4 1 1
4 4 5 1 3
************************************
#1078
1 1 1 4 4
1 1 2 4 4
1 2 3 4 4
4 4 4 1 1
4 4 4 1 1
************************************
#1080
1 1 1 4 4
1 1 2 4 4
1 2 3 4 5
4 4 4 1 1
4 4 5 1 1
************************************
#1081
1 1 1 4 4
1 1 2 4 4
1 2 3 4 5
4 4 4 1 1
4 4 5 1 2
************************************
#1082
1 1 1 4 4
1 2 1 4 4
1 1 3 4 4
4 4 4 1 1
4 4 4 1 1
************************************
#1084
1 1 1 4 4
1 2 1 4 4
1 1 3 4 5
4 4 4 1 1
4 4 5 1 1
************************************
#1085
1 1 1 4 4
1 2 1 4 4
1 1 3 4 5
4 4 4 1 1
4 4 5 1 3
************************************
#1090
1 1 1 4 4
1 2 2 4 4
1 2 2 4 4
4 4 4 1 1
4 4 4 1 1
************************************
#1092
1 1 1 4 4
1 2 2 4 4
1 2 3 4 4
4 4 4 1 1
4 4 4 1 1
************************************
#1095
1 1 1 4 4
1 2 2 4 4
1 2 3 4 5
4 4 4 1 1
4 4 5 1 1
************************************
#1099
1 1 1 4 4
1 2 2 4 5
1 2 2 4 5
4 4 4 1 1
4 5 5 1 1
************************************
#1100
1 1 1 4 4
1 2 2 4 5
1 2 2 4 5
4 4 4 1 1
4 5 5 1 2
************************************
#1101
1 1 1 4 4
1 2 2 4 5
1 2 3 4 5
4 4 4 1 1
4 5 5 1 1
************************************
#1102
1 1 1 4 4
1 2 2 4 5
1 2 3 4 5
4 4 4 1 1
4 5 5 1 2
************************************
#1105
1 1 1 4 4
1 2 3 4 4
1 3 2 4 4
4 4 4 1 1
4 4 4 1 1
************************************
#1107
1 1 1 4 4
1 2 3 4 5
1 3 2 4 5
4 4 4 1 1
4 5 5 1 1
************************************
#1110
1 1 1 4 5
1 1 1 4 5
1 1 1 4 5
4 4 4 5 1
5 5 5 1 4
************************************
#1111
1 1 1 4 5
1 1 1 4 5
1 1 2 4 5
4 4 4 5 1
5 5 5 1 4
************************************
#1112
1 1 1 4 5
1 1 1 4 5
1 1 3 4 5
4 4 4 5 1
5 5 5 1 4
************************************
#1114
1 1 1 4 5
1 1 2 4 5
1 2 3 4 5
4 4 4 5 1
5 5 5 1 4
************************************
#1115
1 1 1 4 5
1 2 1 4 5
1 1 3 4 5
4 4 4 5 1
5 5 5 1 4
************************************
#1116
1 1 1 4 5
1 2 2 4 5
1 2 2 4 5
4 4 4 5 1
5 5 5 1 4
************************************
#1117
1 1 1 4 5
1 2 2 4 5
1 2 3 4 5
4 4 4 5 1
5 5 5 1 4
************************************
#1119
1 1 1 4 5
1 2 3 4 5
1 3 2 4 5
4 4 4 5 1
5 5 5 1 4
************************************
#1120
1 1 3 3 3
1 1 3 3 3
3 3 1 1 1
3 3 1 1 1
3 3 1 1 1
************************************
#1121
1 1 3 3 3
1 1 3 3 3
3 3 1 1 1
3 3 1 1 1
3 3 1 1 2
************************************
#1125
1 1 3 3 3
1 1 3 3 3
3 3 1 1 1
3 3 1 1 2
3 3 1 2 1
************************************
#1126
1 1 3 3 3
1 1 3 3 3
3 3 1 1 1
3 3 1 1 2
3 3 1 2 2
************************************
#1127
1 1 3 3 3
1 1 3 3 3
3 3 1 1 1
3 3 1 2 1
3 3 1 1 2
************************************
#1129
1 1 3 3 3
1 1 3 3 3
3 3 1 1 1
3 3 1 2 2
3 3 1 2 2
************************************
#1130
1 1 3 3 3
1 1 3 3 4
3 3 1 1 1
3 3 1 1 1
3 4 1 1 1
************************************
#1131
1 1 3 3 3
1 1 3 3 4
3 3 1 1 1
3 3 1 1 1
3 4 1 1 2
************************************
#1132
1 1 3 3 3
1 2 3 3 3
3 3 1 1 1
3 3 1 1 1
3 3 1 1 1
************************************
#1136
1 1 3 3 3
1 2 3 3 5
3 3 1 1 1
3 3 1 1 1
3 5 1 1 1
************************************
#1137
1 1 3 3 3
1 2 3 3 5
3 3 1 1 1
3 3 1 1 1
3 5 1 1 2
************************************
#1140
1 1 3 3 3
1 2 3 4 4
3 3 1 1 1
3 4 1 1 1
3 4 1 1 1
************************************
#1142
1 1 3 3 3
1 2 3 4 4
3 3 1 1 1
3 4 1 2 2
3 4 1 2 2
************************************
#1143
1 1 3 3 3
1 2 3 4 5
3 3 1 1 1
3 4 1 1 1
3 5 1 1 1
************************************
#1145
1 1 3 3 5
1 1 3 3 5
3 3 5 5 1
3 3 5 5 1
5 5 1 1 3
************************************
#1146
1 1 3 3 5
1 2 3 3 5
3 3 5 5 1
3 3 5 5 1
5 5 1 1 3
************************************
#1148
1 1 3 3 5
1 2 3 4 5
3 3 5 5 1
3 4 5 5 1
5 5 1 1 3
************************************
#1149
1 1 3 4 5
1 1 3 4 5
3 3 1 5 4
4 4 5 1 3
5 5 4 3 1
************************************
#1150
1 1 3 4 5
1 1 3 4 5
3 3 1 5 4
4 4 5 3 1
5 5 4 1 3
************************************
#1151
1 1 3 4 5
1 2 3 4 5
3 3 1 5 4
4 4 5 1 3
5 5 4 3 1
************************************
#1152
1 1 3 4 5
1 2 3 4 5
3 3 1 5 4
4 4 5 3 1
5 5 4 1 3
************************************
#1153
1 2 2 2 2
2 1 1 1 1
2 1 1 1 1
2 1 1 1 1
2 1 1 1 1
************************************
#1154
1 2 2 2 5
2 5 5 5 1
2 5 5 5 1
2 5 5 5 1
5 1 1 1 2
************************************
#1155
1 2 2 4 4
2 4 4 1 1
2 4 4 1 1
4 1 1 2 2
4 1 1 2 2
************************************
#1156
1 2 2 4 4
2 4 4 1 1
2 4 4 1 1
4 1 1 2 2
4 1 1 2 3
************************************
#1157
1 2 2 4 5
2 1 1 5 4
2 1 1 5 4
4 5 5 1 2
5 4 4 2 1
************************************
#1158
1 2 2 4 5
2 1 1 5 4
2 1 1 5 4
4 5 5 2 1
5 4 4 1 2
************************************
#1159
1 2 2 4 5
2 4 4 5 1
2 4 4 5 1
4 5 5 1 2
5 1 1 2 4
************************************
#1160
1 2 3 4 5
2 3 4 5 1
3 4 5 1 2
4 5 1 2 3
5 1 2 3 4
************************************
Number of commutative semigroups of order 2: 
325
