This is the output of the program II_findzero_ord2_to_6.java, which gives the list of semigroups of order 5 with zero element.
The number of semigroups with zero element is given at the end of the file.
************************************
#1
1 1 1 1 1
1 1 1 1 1
1 1 1 1 1
1 1 1 1 1
1 1 1 1 1
The zero element is 1
************************************
#2
1 1 1 1 1
1 1 1 1 1
1 1 1 1 1
1 1 1 1 1
1 1 1 1 2
The zero element is 1
************************************
#3
1 1 1 1 1
1 1 1 1 1
1 1 1 1 1
1 1 1 1 1
1 1 1 1 5
The zero element is 1
************************************
#16
1 1 1 1 1
1 1 1 1 1
1 1 1 1 1
1 1 1 1 2
1 1 1 2 1
The zero element is 1
************************************
#17
1 1 1 1 1
1 1 1 1 1
1 1 1 1 1
1 1 1 1 2
1 1 1 2 2
The zero element is 1
************************************
#18
1 1 1 1 1
1 1 1 1 1
1 1 1 1 1
1 1 1 1 2
1 1 1 2 3
The zero element is 1
************************************
#19
1 1 1 1 1
1 1 1 1 1
1 1 1 1 1
1 1 1 1 2
1 1 1 2 4
The zero element is 1
************************************
#27
1 1 1 1 1
1 1 1 1 1
1 1 1 1 1
1 1 1 1 4
1 1 1 4 5
The zero element is 1
************************************
#34
1 1 1 1 1
1 1 1 1 1
1 1 1 1 1
1 1 1 2 1
1 1 1 1 2
The zero element is 1
************************************
#35
1 1 1 1 1
1 1 1 1 1
1 1 1 1 1
1 1 1 2 1
1 1 1 1 3
The zero element is 1
************************************
#36
1 1 1 1 1
1 1 1 1 1
1 1 1 1 1
1 1 1 2 1
1 1 1 1 5
The zero element is 1
************************************
#47
1 1 1 1 1
1 1 1 1 1
1 1 1 1 1
1 1 1 2 2
1 1 1 2 2
The zero element is 1
************************************
#48
1 1 1 1 1
1 1 1 1 1
1 1 1 1 1
1 1 1 2 2
1 1 1 2 3
The zero element is 1
************************************
#55
1 1 1 1 1
1 1 1 1 1
1 1 1 1 1
1 1 1 2 3
1 1 1 3 2
The zero element is 1
************************************
#56
1 1 1 1 1
1 1 1 1 1
1 1 1 1 1
1 1 1 4 1
1 1 1 1 5
The zero element is 1
************************************
#63
1 1 1 1 1
1 1 1 1 1
1 1 1 1 1
1 1 1 4 4
1 1 1 4 4
The zero element is 1
************************************
#64
1 1 1 1 1
1 1 1 1 1
1 1 1 1 1
1 1 1 4 4
1 1 1 4 5
The zero element is 1
************************************
#70
1 1 1 1 1
1 1 1 1 1
1 1 1 1 1
1 1 1 4 5
1 1 1 5 4
The zero element is 1
************************************
#116
1 1 1 1 1
1 1 1 1 1
1 1 1 1 2
1 1 1 1 2
1 1 2 2 1
The zero element is 1
************************************
#117
1 1 1 1 1
1 1 1 1 1
1 1 1 1 2
1 1 1 1 2
1 1 2 2 2
The zero element is 1
************************************
#118
1 1 1 1 1
1 1 1 1 1
1 1 1 1 2
1 1 1 1 2
1 1 2 2 3
The zero element is 1
************************************
#119
1 1 1 1 1
1 1 1 1 1
1 1 1 1 2
1 1 1 2 1
1 1 2 1 1
The zero element is 1
************************************
#120
1 1 1 1 1
1 1 1 1 1
1 1 1 1 2
1 1 1 2 1
1 1 2 1 2
The zero element is 1
************************************
#121
1 1 1 1 1
1 1 1 1 1
1 1 1 1 2
1 1 1 2 1
1 1 2 1 3
The zero element is 1
************************************
#125
1 1 1 1 1
1 1 1 1 1
1 1 1 1 2
1 1 1 2 2
1 1 2 2 1
The zero element is 1
************************************
#126
1 1 1 1 1
1 1 1 1 1
1 1 1 1 2
1 1 1 2 2
1 1 2 2 2
The zero element is 1
************************************
#127
1 1 1 1 1
1 1 1 1 1
1 1 1 1 2
1 1 1 2 2
1 1 2 2 3
The zero element is 1
************************************
#128
1 1 1 1 1
1 1 1 1 1
1 1 1 1 2
1 1 1 2 3
1 1 2 3 4
The zero element is 1
************************************
#129
1 1 1 1 1
1 1 1 1 1
1 1 1 1 2
1 1 1 4 1
1 1 2 1 1
The zero element is 1
************************************
#130
1 1 1 1 1
1 1 1 1 1
1 1 1 1 2
1 1 1 4 1
1 1 2 1 2
The zero element is 1
************************************
#131
1 1 1 1 1
1 1 1 1 1
1 1 1 1 2
1 1 1 4 1
1 1 2 1 3
The zero element is 1
************************************
#132
1 1 1 1 1
1 1 1 1 1
1 1 1 1 2
1 1 1 4 4
1 1 2 4 4
The zero element is 1
************************************
#157
1 1 1 1 1
1 1 1 1 1
1 1 1 1 3
1 1 1 1 3
1 1 3 3 5
The zero element is 1
************************************
#162
1 1 1 1 1
1 1 1 1 1
1 1 1 1 3
1 1 1 1 4
1 1 3 4 5
The zero element is 1
************************************
#166
1 1 1 1 1
1 1 1 1 1
1 1 1 1 3
1 1 1 2 1
1 1 3 1 5
The zero element is 1
************************************
#167
1 1 1 1 1
1 1 1 1 1
1 1 1 1 3
1 1 1 2 3
1 1 3 3 5
The zero element is 1
************************************
#168
1 1 1 1 1
1 1 1 1 1
1 1 1 1 3
1 1 1 3 4
1 1 3 4 5
The zero element is 1
************************************
#170
1 1 1 1 1
1 1 1 1 1
1 1 1 1 3
1 1 1 4 1
1 1 3 1 5
The zero element is 1
************************************
#173
1 1 1 1 1
1 1 1 1 1
1 1 1 1 3
1 1 1 4 4
1 1 3 4 5
The zero element is 1
************************************
#199
1 1 1 1 1
1 1 1 1 1
1 1 1 2 2
1 1 2 1 2
1 1 2 2 1
The zero element is 1
************************************
#200
1 1 1 1 1
1 1 1 1 1
1 1 1 2 2
1 1 2 1 2
1 1 2 2 2
The zero element is 1
************************************
#201
1 1 1 1 1
1 1 1 1 1
1 1 1 2 2
1 1 2 2 1
1 1 2 1 2
The zero element is 1
************************************
#203
1 1 1 1 1
1 1 1 1 1
1 1 1 2 2
1 1 2 2 2
1 1 2 2 2
The zero element is 1
************************************
#204
1 1 1 1 1
1 1 1 1 1
1 1 1 2 2
1 1 2 3 3
1 1 2 3 3
The zero element is 1
************************************
#207
1 1 1 1 1
1 1 1 1 1
1 1 1 3 3
1 1 3 4 4
1 1 3 4 4
The zero element is 1
************************************
#208
1 1 1 1 1
1 1 1 1 1
1 1 1 3 3
1 1 3 4 4
1 1 3 4 5
The zero element is 1
************************************
#211
1 1 1 1 1
1 1 1 1 1
1 1 1 3 3
1 1 3 4 5
1 1 3 5 4
The zero element is 1
************************************
#222
1 1 1 1 1
1 1 1 1 1
1 1 2 1 1
1 1 1 2 1
1 1 1 1 2
The zero element is 1
************************************
#223
1 1 1 1 1
1 1 1 1 1
1 1 2 1 1
1 1 1 2 1
1 1 1 1 5
The zero element is 1
************************************
#227
1 1 1 1 1
1 1 1 1 1
1 1 2 1 1
1 1 1 2 2
1 1 1 2 2
The zero element is 1
************************************
#230
1 1 1 1 1
1 1 1 1 1
1 1 2 1 1
1 1 1 4 1
1 1 1 1 5
The zero element is 1
************************************
#233
1 1 1 1 1
1 1 1 1 1
1 1 2 1 1
1 1 1 4 4
1 1 1 4 4
The zero element is 1
************************************
#234
1 1 1 1 1
1 1 1 1 1
1 1 2 1 1
1 1 1 4 4
1 1 1 4 5
The zero element is 1
************************************
#237
1 1 1 1 1
1 1 1 1 1
1 1 2 1 1
1 1 1 4 5
1 1 1 5 4
The zero element is 1
************************************
#245
1 1 1 1 1
1 1 1 1 1
1 1 2 1 2
1 1 1 2 2
1 1 2 2 2
The zero element is 1
************************************
#246
1 1 1 1 1
1 1 1 1 1
1 1 2 1 2
1 1 1 4 1
1 1 2 1 2
The zero element is 1
************************************
#247
1 1 1 1 1
1 1 1 1 1
1 1 2 1 2
1 1 1 4 4
1 1 2 4 4
The zero element is 1
************************************
#254
1 1 1 1 1
1 1 1 1 1
1 1 2 2 2
1 1 2 2 2
1 1 2 2 2
The zero element is 1
************************************
#255
1 1 1 1 1
1 1 1 1 1
1 1 3 1 1
1 1 1 4 1
1 1 1 1 5
The zero element is 1
************************************
#258
1 1 1 1 1
1 1 1 1 1
1 1 3 1 1
1 1 1 4 4
1 1 1 4 4
The zero element is 1
************************************
#259
1 1 1 1 1
1 1 1 1 1
1 1 3 1 1
1 1 1 4 4
1 1 1 4 5
The zero element is 1
************************************
#262
1 1 1 1 1
1 1 1 1 1
1 1 3 1 1
1 1 1 4 5
1 1 1 5 4
The zero element is 1
************************************
#275
1 1 1 1 1
1 1 1 1 1
1 1 3 1 3
1 1 1 4 4
1 1 3 4 5
The zero element is 1
************************************
#295
1 1 1 1 1
1 1 1 1 1
1 1 3 3 3
1 1 3 3 3
1 1 3 3 3
The zero element is 1
************************************
#296
1 1 1 1 1
1 1 1 1 1
1 1 3 3 3
1 1 3 3 3
1 1 3 3 4
The zero element is 1
************************************
#297
1 1 1 1 1
1 1 1 1 1
1 1 3 3 3
1 1 3 3 3
1 1 3 3 5
The zero element is 1
************************************
#302
1 1 1 1 1
1 1 1 1 1
1 1 3 3 3
1 1 3 3 4
1 1 3 4 5
The zero element is 1
************************************
#305
1 1 1 1 1
1 1 1 1 1
1 1 3 3 3
1 1 3 4 3
1 1 3 3 5
The zero element is 1
************************************
#308
1 1 1 1 1
1 1 1 1 1
1 1 3 3 3
1 1 3 4 4
1 1 3 4 4
The zero element is 1
************************************
#309
1 1 1 1 1
1 1 1 1 1
1 1 3 3 3
1 1 3 4 4
1 1 3 4 5
The zero element is 1
************************************
#312
1 1 1 1 1
1 1 1 1 1
1 1 3 3 3
1 1 3 4 5
1 1 3 5 4
The zero element is 1
************************************
#322
1 1 1 1 1
1 1 1 1 1
1 1 3 3 5
1 1 3 3 5
1 1 5 5 3
The zero element is 1
************************************
#324
1 1 1 1 1
1 1 1 1 1
1 1 3 3 5
1 1 3 4 5
1 1 5 5 3
The zero element is 1
************************************
#331
1 1 1 1 1
1 1 1 1 1
1 1 3 4 4
1 1 4 3 3
1 1 4 3 3
The zero element is 1
************************************
#338
1 1 1 1 1
1 1 1 1 1
1 1 3 4 5
1 1 4 5 3
1 1 5 3 4
The zero element is 1
************************************
#406
1 1 1 1 1
1 1 1 1 2
1 1 1 1 2
1 1 1 1 2
1 2 2 2 5
The zero element is 1
************************************
#410
1 1 1 1 1
1 1 1 1 2
1 1 1 1 2
1 1 1 1 4
1 2 2 4 5
The zero element is 1
************************************
#413
1 1 1 1 1
1 1 1 1 2
1 1 1 1 2
1 1 1 2 4
1 2 2 4 5
The zero element is 1
************************************
#415
1 1 1 1 1
1 1 1 1 2
1 1 1 1 2
1 1 1 4 1
1 2 2 1 5
The zero element is 1
************************************
#417
1 1 1 1 1
1 1 1 1 2
1 1 1 1 2
1 1 1 4 4
1 2 2 4 5
The zero element is 1
************************************
#433
1 1 1 1 1
1 1 1 1 2
1 1 1 1 3
1 1 1 1 4
1 2 3 4 5
The zero element is 1
************************************
#434
1 1 1 1 1
1 1 1 1 2
1 1 1 1 3
1 1 1 2 4
1 2 3 4 5
The zero element is 1
************************************
#435
1 1 1 1 1
1 1 1 1 2
1 1 1 1 3
1 1 1 4 1
1 2 3 1 5
The zero element is 1
************************************
#436
1 1 1 1 1
1 1 1 1 2
1 1 1 1 3
1 1 1 4 4
1 2 3 4 5
The zero element is 1
************************************
#459
1 1 1 1 1
1 1 1 1 2
1 1 1 2 3
1 1 2 1 4
1 2 3 4 5
The zero element is 1
************************************
#460
1 1 1 1 1
1 1 1 1 2
1 1 1 2 3
1 1 2 2 4
1 2 3 4 5
The zero element is 1
************************************
#461
1 1 1 1 1
1 1 1 1 2
1 1 1 2 3
1 1 2 3 4
1 2 3 4 5
The zero element is 1
************************************
#462
1 1 1 1 1
1 1 1 1 2
1 1 1 3 1
1 1 3 4 1
1 2 1 1 5
The zero element is 1
************************************
#466
1 1 1 1 1
1 1 1 1 2
1 1 1 3 3
1 1 3 4 4
1 2 3 4 5
The zero element is 1
************************************
#469
1 1 1 1 1
1 1 1 1 2
1 1 2 1 3
1 1 1 2 4
1 2 3 4 5
The zero element is 1
************************************
#470
1 1 1 1 1
1 1 1 1 2
1 1 2 1 3
1 1 1 4 1
1 2 3 1 5
The zero element is 1
************************************
#471
1 1 1 1 1
1 1 1 1 2
1 1 2 1 3
1 1 1 4 4
1 2 3 4 5
The zero element is 1
************************************
#475
1 1 1 1 1
1 1 1 1 2
1 1 2 2 3
1 1 2 2 3
1 2 3 3 5
The zero element is 1
************************************
#477
1 1 1 1 1
1 1 1 1 2
1 1 2 2 3
1 1 2 2 4
1 2 3 4 5
The zero element is 1
************************************
#478
1 1 1 1 1
1 1 1 1 2
1 1 3 1 1
1 1 1 4 1
1 2 1 1 5
The zero element is 1
************************************
#479
1 1 1 1 1
1 1 1 1 2
1 1 3 1 1
1 1 1 4 4
1 2 1 4 5
The zero element is 1
************************************
#488
1 1 1 1 1
1 1 1 1 2
1 1 3 1 3
1 1 1 4 4
1 2 3 4 5
The zero element is 1
************************************
#496
1 1 1 1 1
1 1 1 1 2
1 1 3 3 1
1 1 3 3 1
1 2 1 1 5
The zero element is 1
************************************
#497
1 1 1 1 1
1 1 1 1 2
1 1 3 3 1
1 1 3 3 2
1 2 1 2 5
The zero element is 1
************************************
#498
1 1 1 1 1
1 1 1 1 2
1 1 3 3 1
1 1 3 4 1
1 2 1 1 5
The zero element is 1
************************************
#500
1 1 1 1 1
1 1 1 1 2
1 1 3 3 3
1 1 3 3 3
1 2 3 3 5
The zero element is 1
************************************
#502
1 1 1 1 1
1 1 1 1 2
1 1 3 3 3
1 1 3 3 4
1 2 3 4 5
The zero element is 1
************************************
#503
1 1 1 1 1
1 1 1 1 2
1 1 3 3 3
1 1 3 4 3
1 2 3 3 5
The zero element is 1
************************************
#504
1 1 1 1 1
1 1 1 1 2
1 1 3 3 3
1 1 3 4 4
1 2 3 4 5
The zero element is 1
************************************
#509
1 1 1 1 1
1 1 1 1 2
1 1 3 4 1
1 1 4 3 1
1 2 1 1 5
The zero element is 1
************************************
#512
1 1 1 1 1
1 1 1 1 2
1 1 3 4 3
1 1 4 3 4
1 2 3 4 5
The zero element is 1
************************************
#582
1 1 1 1 1
1 1 1 2 2
1 1 1 2 2
1 2 2 4 4
1 2 2 4 4
The zero element is 1
************************************
#583
1 1 1 1 1
1 1 1 2 2
1 1 1 2 2
1 2 2 4 4
1 2 2 4 5
The zero element is 1
************************************
#586
1 1 1 1 1
1 1 1 2 2
1 1 1 2 2
1 2 2 4 5
1 2 2 5 4
The zero element is 1
************************************
#592
1 1 1 1 1
1 1 1 2 2
1 1 1 2 3
1 2 2 4 4
1 2 3 4 5
The zero element is 1
************************************
#595
1 1 1 1 1
1 1 1 2 2
1 1 1 3 3
1 2 3 4 4
1 2 3 4 4
The zero element is 1
************************************
#596
1 1 1 1 1
1 1 1 2 2
1 1 1 3 3
1 2 3 4 4
1 2 3 4 5
The zero element is 1
************************************
#598
1 1 1 1 1
1 1 1 2 2
1 1 1 3 3
1 2 3 4 5
1 2 3 5 4
The zero element is 1
************************************
#600
1 1 1 1 1
1 1 1 2 2
1 1 2 3 3
1 2 3 4 4
1 2 3 4 4
The zero element is 1
************************************
#601
1 1 1 1 1
1 1 1 2 2
1 1 2 3 3
1 2 3 4 4
1 2 3 4 5
The zero element is 1
************************************
#603
1 1 1 1 1
1 1 1 2 2
1 1 2 3 3
1 2 3 4 5
1 2 3 5 4
The zero element is 1
************************************
#604
1 1 1 1 1
1 1 1 2 2
1 1 3 1 1
1 2 1 4 4
1 2 1 4 4
The zero element is 1
************************************
#605
1 1 1 1 1
1 1 1 2 2
1 1 3 1 1
1 2 1 4 4
1 2 1 4 5
The zero element is 1
************************************
#607
1 1 1 1 1
1 1 1 2 2
1 1 3 1 1
1 2 1 4 5
1 2 1 5 4
The zero element is 1
************************************
#608
1 1 1 1 1
1 1 1 2 2
1 1 3 1 3
1 2 1 4 4
1 2 3 4 5
The zero element is 1
************************************
#609
1 1 1 1 1
1 1 1 2 2
1 1 3 3 3
1 2 3 4 4
1 2 3 4 4
The zero element is 1
************************************
#610
1 1 1 1 1
1 1 1 2 2
1 1 3 3 3
1 2 3 4 4
1 2 3 4 5
The zero element is 1
************************************
#612
1 1 1 1 1
1 1 1 2 2
1 1 3 3 3
1 2 3 4 5
1 2 3 5 4
The zero element is 1
************************************
#654
1 1 1 1 1
1 1 1 2 3
1 1 1 3 2
1 2 3 4 5
1 3 2 5 4
The zero element is 1
************************************
#662
1 1 1 1 1
1 1 2 2 2
1 2 3 3 3
1 2 3 3 3
1 2 3 3 3
The zero element is 1
************************************
#663
1 1 1 1 1
1 1 2 2 2
1 2 3 3 3
1 2 3 3 3
1 2 3 3 4
The zero element is 1
************************************
#664
1 1 1 1 1
1 1 2 2 2
1 2 3 3 3
1 2 3 3 3
1 2 3 3 5
The zero element is 1
************************************
#667
1 1 1 1 1
1 1 2 2 2
1 2 3 3 3
1 2 3 3 4
1 2 3 4 5
The zero element is 1
************************************
#668
1 1 1 1 1
1 1 2 2 2
1 2 3 3 3
1 2 3 4 3
1 2 3 3 5
The zero element is 1
************************************
#670
1 1 1 1 1
1 1 2 2 2
1 2 3 3 3
1 2 3 4 4
1 2 3 4 4
The zero element is 1
************************************
#671
1 1 1 1 1
1 1 2 2 2
1 2 3 3 3
1 2 3 4 4
1 2 3 4 5
The zero element is 1
************************************
#673
1 1 1 1 1
1 1 2 2 2
1 2 3 3 3
1 2 3 4 5
1 2 3 5 4
The zero element is 1
************************************
#676
1 1 1 1 1
1 1 2 2 2
1 2 3 3 5
1 2 3 3 5
1 2 5 5 3
The zero element is 1
************************************
#677
1 1 1 1 1
1 1 2 2 2
1 2 3 3 5
1 2 3 4 5
1 2 5 5 3
The zero element is 1
************************************
#678
1 1 1 1 1
1 1 2 2 2
1 2 3 4 4
1 2 4 3 3
1 2 4 3 3
The zero element is 1
************************************
#679
1 1 1 1 1
1 1 2 2 2
1 2 3 4 5
1 2 4 5 3
1 2 5 3 4
The zero element is 1
************************************
#680
1 1 1 1 1
1 2 1 1 1
1 1 3 1 1
1 1 1 4 1
1 1 1 1 5
The zero element is 1
************************************
#682
1 1 1 1 1
1 2 1 1 1
1 1 3 1 1
1 1 1 4 4
1 1 1 4 4
The zero element is 1
************************************
#683
1 1 1 1 1
1 2 1 1 1
1 1 3 1 1
1 1 1 4 4
1 1 1 4 5
The zero element is 1
************************************
#685
1 1 1 1 1
1 2 1 1 1
1 1 3 1 1
1 1 1 4 5
1 1 1 5 4
The zero element is 1
************************************
#689
1 1 1 1 1
1 2 1 1 1
1 1 3 1 3
1 1 1 4 4
1 1 3 4 5
The zero element is 1
************************************
#698
1 1 1 1 1
1 2 1 1 1
1 1 3 3 3
1 1 3 3 3
1 1 3 3 3
The zero element is 1
************************************
#699
1 1 1 1 1
1 2 1 1 1
1 1 3 3 3
1 1 3 3 3
1 1 3 3 4
The zero element is 1
************************************
#700
1 1 1 1 1
1 2 1 1 1
1 1 3 3 3
1 1 3 3 3
1 1 3 3 5
The zero element is 1
************************************
#703
1 1 1 1 1
1 2 1 1 1
1 1 3 3 3
1 1 3 3 4
1 1 3 4 5
The zero element is 1
************************************
#704
1 1 1 1 1
1 2 1 1 1
1 1 3 3 3
1 1 3 4 3
1 1 3 3 5
The zero element is 1
************************************
#706
1 1 1 1 1
1 2 1 1 1
1 1 3 3 3
1 1 3 4 4
1 1 3 4 4
The zero element is 1
************************************
#707
1 1 1 1 1
1 2 1 1 1
1 1 3 3 3
1 1 3 4 4
1 1 3 4 5
The zero element is 1
************************************
#709
1 1 1 1 1
1 2 1 1 1
1 1 3 3 3
1 1 3 4 5
1 1 3 5 4
The zero element is 1
************************************
#712
1 1 1 1 1
1 2 1 1 1
1 1 3 3 5
1 1 3 3 5
1 1 5 5 3
The zero element is 1
************************************
#714
1 1 1 1 1
1 2 1 1 1
1 1 3 3 5
1 1 3 4 5
1 1 5 5 3
The zero element is 1
************************************
#717
1 1 1 1 1
1 2 1 1 1
1 1 3 4 4
1 1 4 3 3
1 1 4 3 3
The zero element is 1
************************************
#722
1 1 1 1 1
1 2 1 1 1
1 1 3 4 5
1 1 4 5 3
1 1 5 3 4
The zero element is 1
************************************
#734
1 1 1 1 1
1 2 1 1 2
1 1 3 1 3
1 1 1 4 4
1 2 3 4 5
The zero element is 1
************************************
#737
1 1 1 1 1
1 2 1 1 2
1 1 3 3 1
1 1 3 3 1
1 2 1 1 2
The zero element is 1
************************************
#738
1 1 1 1 1
1 2 1 1 2
1 1 3 3 1
1 1 3 3 1
1 2 1 1 5
The zero element is 1
************************************
#740
1 1 1 1 1
1 2 1 1 2
1 1 3 3 1
1 1 3 4 1
1 2 1 1 5
The zero element is 1
************************************
#743
1 1 1 1 1
1 2 1 1 2
1 1 3 3 3
1 1 3 3 3
1 2 3 3 5
The zero element is 1
************************************
#745
1 1 1 1 1
1 2 1 1 2
1 1 3 3 3
1 1 3 3 4
1 2 3 4 5
The zero element is 1
************************************
#746
1 1 1 1 1
1 2 1 1 2
1 1 3 3 3
1 1 3 4 3
1 2 3 3 5
The zero element is 1
************************************
#747
1 1 1 1 1
1 2 1 1 2
1 1 3 3 3
1 1 3 4 4
1 2 3 4 5
The zero element is 1
************************************
#751
1 1 1 1 1
1 2 1 1 2
1 1 3 4 1
1 1 4 3 1
1 2 1 1 2
The zero element is 1
************************************
#752
1 1 1 1 1
1 2 1 1 2
1 1 3 4 1
1 1 4 3 1
1 2 1 1 5
The zero element is 1
************************************
#757
1 1 1 1 1
1 2 1 1 2
1 1 3 4 3
1 1 4 3 4
1 2 3 4 5
The zero element is 1
************************************
#770
1 1 1 1 1
1 2 1 1 5
1 1 3 4 1
1 1 4 3 1
1 5 1 1 2
The zero element is 1
************************************
#776
1 1 1 1 1
1 2 1 2 2
1 1 3 3 3
1 2 3 4 4
1 2 3 4 4
The zero element is 1
************************************
#777
1 1 1 1 1
1 2 1 2 2
1 1 3 3 3
1 2 3 4 4
1 2 3 4 5
The zero element is 1
************************************
#779
1 1 1 1 1
1 2 1 2 2
1 1 3 3 3
1 2 3 4 5
1 2 3 5 4
The zero element is 1
************************************
#835
1 1 1 1 1
1 2 2 2 2
1 2 2 2 2
1 2 2 2 2
1 2 2 2 2
The zero element is 1
************************************
#836
1 1 1 1 1
1 2 2 2 2
1 2 2 2 2
1 2 2 2 2
1 2 2 2 3
The zero element is 1
************************************
#837
1 1 1 1 1
1 2 2 2 2
1 2 2 2 2
1 2 2 2 2
1 2 2 2 5
The zero element is 1
************************************
#844
1 1 1 1 1
1 2 2 2 2
1 2 2 2 2
1 2 2 2 3
1 2 2 3 2
The zero element is 1
************************************
#845
1 1 1 1 1
1 2 2 2 2
1 2 2 2 2
1 2 2 2 3
1 2 2 3 3
The zero element is 1
************************************
#846
1 1 1 1 1
1 2 2 2 2
1 2 2 2 2
1 2 2 2 3
1 2 2 3 4
The zero element is 1
************************************
#847
1 1 1 1 1
1 2 2 2 2
1 2 2 2 2
1 2 2 2 4
1 2 2 4 5
The zero element is 1
************************************
#850
1 1 1 1 1
1 2 2 2 2
1 2 2 2 2
1 2 2 3 2
1 2 2 2 3
The zero element is 1
************************************
#851
1 1 1 1 1
1 2 2 2 2
1 2 2 2 2
1 2 2 3 2
1 2 2 2 5
The zero element is 1
************************************
#854
1 1 1 1 1
1 2 2 2 2
1 2 2 2 2
1 2 2 3 3
1 2 2 3 3
The zero element is 1
************************************
#855
1 1 1 1 1
1 2 2 2 2
1 2 2 2 2
1 2 2 4 2
1 2 2 2 5
The zero element is 1
************************************
#858
1 1 1 1 1
1 2 2 2 2
1 2 2 2 2
1 2 2 4 4
1 2 2 4 4
The zero element is 1
************************************
#859
1 1 1 1 1
1 2 2 2 2
1 2 2 2 2
1 2 2 4 4
1 2 2 4 5
The zero element is 1
************************************
#862
1 1 1 1 1
1 2 2 2 2
1 2 2 2 2
1 2 2 4 5
1 2 2 5 4
The zero element is 1
************************************
#874
1 1 1 1 1
1 2 2 2 2
1 2 2 2 3
1 2 2 2 3
1 2 3 3 5
The zero element is 1
************************************
#876
1 1 1 1 1
1 2 2 2 2
1 2 2 2 3
1 2 2 2 4
1 2 3 4 5
The zero element is 1
************************************
#877
1 1 1 1 1
1 2 2 2 2
1 2 2 2 3
1 2 2 3 4
1 2 3 4 5
The zero element is 1
************************************
#878
1 1 1 1 1
1 2 2 2 2
1 2 2 2 3
1 2 2 4 2
1 2 3 2 5
The zero element is 1
************************************
#879
1 1 1 1 1
1 2 2 2 2
1 2 2 2 3
1 2 2 4 4
1 2 3 4 5
The zero element is 1
************************************
#889
1 1 1 1 1
1 2 2 2 2
1 2 2 3 3
1 2 3 4 4
1 2 3 4 4
The zero element is 1
************************************
#890
1 1 1 1 1
1 2 2 2 2
1 2 2 3 3
1 2 3 4 4
1 2 3 4 5
The zero element is 1
************************************
#892
1 1 1 1 1
1 2 2 2 2
1 2 2 3 3
1 2 3 4 5
1 2 3 5 4
The zero element is 1
************************************
#893
1 1 1 1 1
1 2 2 2 2
1 2 3 2 2
1 2 2 4 2
1 2 2 2 5
The zero element is 1
************************************
#895
1 1 1 1 1
1 2 2 2 2
1 2 3 2 2
1 2 2 4 4
1 2 2 4 4
The zero element is 1
************************************
#896
1 1 1 1 1
1 2 2 2 2
1 2 3 2 2
1 2 2 4 4
1 2 2 4 5
The zero element is 1
************************************
#898
1 1 1 1 1
1 2 2 2 2
1 2 3 2 2
1 2 2 4 5
1 2 2 5 4
The zero element is 1
************************************
#902
1 1 1 1 1
1 2 2 2 2
1 2 3 2 3
1 2 2 4 4
1 2 3 4 5
The zero element is 1
************************************
#911
1 1 1 1 1
1 2 2 2 2
1 2 3 3 3
1 2 3 3 3
1 2 3 3 3
The zero element is 1
************************************
#912
1 1 1 1 1
1 2 2 2 2
1 2 3 3 3
1 2 3 3 3
1 2 3 3 4
The zero element is 1
************************************
#913
1 1 1 1 1
1 2 2 2 2
1 2 3 3 3
1 2 3 3 3
1 2 3 3 5
The zero element is 1
************************************
#916
1 1 1 1 1
1 2 2 2 2
1 2 3 3 3
1 2 3 3 4
1 2 3 4 5
The zero element is 1
************************************
#917
1 1 1 1 1
1 2 2 2 2
1 2 3 3 3
1 2 3 4 3
1 2 3 3 5
The zero element is 1
************************************
#919
1 1 1 1 1
1 2 2 2 2
1 2 3 3 3
1 2 3 4 4
1 2 3 4 4
The zero element is 1
************************************
#920
1 1 1 1 1
1 2 2 2 2
1 2 3 3 3
1 2 3 4 4
1 2 3 4 5
The zero element is 1
************************************
#922
1 1 1 1 1
1 2 2 2 2
1 2 3 3 3
1 2 3 4 5
1 2 3 5 4
The zero element is 1
************************************
#925
1 1 1 1 1
1 2 2 2 2
1 2 3 3 5
1 2 3 3 5
1 2 5 5 3
The zero element is 1
************************************
#927
1 1 1 1 1
1 2 2 2 2
1 2 3 3 5
1 2 3 4 5
1 2 5 5 3
The zero element is 1
************************************
#930
1 1 1 1 1
1 2 2 2 2
1 2 3 4 4
1 2 4 3 3
1 2 4 3 3
The zero element is 1
************************************
#933
1 1 1 1 1
1 2 2 2 2
1 2 3 4 5
1 2 4 5 3
1 2 5 3 4
The zero element is 1
************************************
#937
1 1 1 1 1
1 2 2 2 5
1 2 2 2 5
1 2 2 2 5
1 5 5 5 2
The zero element is 1
************************************
#939
1 1 1 1 1
1 2 2 2 5
1 2 2 2 5
1 2 2 3 5
1 5 5 5 2
The zero element is 1
************************************
#941
1 1 1 1 1
1 2 2 2 5
1 2 2 2 5
1 2 2 4 5
1 5 5 5 2
The zero element is 1
************************************
#947
1 1 1 1 1
1 2 2 2 5
1 2 2 3 5
1 2 3 4 5
1 5 5 5 2
The zero element is 1
************************************
#949
1 1 1 1 1
1 2 2 2 5
1 2 3 2 5
1 2 2 4 5
1 5 5 5 2
The zero element is 1
************************************
#952
1 1 1 1 1
1 2 2 2 5
1 2 3 3 5
1 2 3 3 5
1 5 5 5 2
The zero element is 1
************************************
#954
1 1 1 1 1
1 2 2 2 5
1 2 3 3 5
1 2 3 4 5
1 5 5 5 2
The zero element is 1
************************************
#959
1 1 1 1 1
1 2 2 2 5
1 2 3 4 5
1 2 4 3 5
1 5 5 5 2
The zero element is 1
************************************
#963
1 1 1 1 1
1 2 2 4 4
1 2 2 4 4
1 4 4 2 2
1 4 4 2 2
The zero element is 1
************************************
#964
1 1 1 1 1
1 2 2 4 4
1 2 2 4 4
1 4 4 2 2
1 4 4 2 3
The zero element is 1
************************************
#965
1 1 1 1 1
1 2 2 4 4
1 2 3 4 4
1 4 4 2 2
1 4 4 2 2
The zero element is 1
************************************
#967
1 1 1 1 1
1 2 2 4 4
1 2 3 4 5
1 4 4 2 2
1 4 5 2 2
The zero element is 1
************************************
#968
1 1 1 1 1
1 2 2 4 4
1 2 3 4 5
1 4 4 2 2
1 4 5 2 3
The zero element is 1
************************************
#973
1 1 1 1 1
1 2 2 4 5
1 2 2 4 5
1 4 4 5 2
1 5 5 2 4
The zero element is 1
************************************
#979
1 1 1 1 1
1 2 2 4 5
1 2 3 4 5
1 4 4 5 2
1 5 5 2 4
The zero element is 1
************************************
#983
1 1 1 1 1
1 2 3 3 3
1 3 2 2 2
1 3 2 2 2
1 3 2 2 2
The zero element is 1
************************************
#985
1 1 1 1 1
1 2 3 3 5
1 3 5 5 2
1 3 5 5 2
1 5 2 2 3
The zero element is 1
************************************
#990
1 1 1 1 1
1 2 3 4 5
1 3 2 5 4
1 4 5 2 3
1 5 4 3 2
The zero element is 1
************************************
#991
1 1 1 1 1
1 2 3 4 5
1 3 2 5 4
1 4 5 3 2
1 5 4 2 3
The zero element is 1
************************************
Number of semigroups with zero element: 226
